[0.68859464]
[0.68009067]
[0.67143106]
[0.662742]
[0.6529708]
[0.64288896]
[0.6329635]
[0.624609]
[0.61763334]
[0.614417]
[0.6158739]
[0.6215758]
[0.63168585]
[0.64643604]
[0.66593015]
[0.6892636]
[0.7145502]
[0.739282]
[0.76109487]
[0.77836645]
[0.79354763]
[0.800646]
[0.8013465]
[0.7971098]
[0.78973687]
[0.7809063]
[0.77194506]
[0.7635554]
[0.75647426]
[0.7504959]
[0.7447337]
[0.7379502]
[0.72888035]
[0.7166466]
[0.70126563]
[0.6833824]
[0.66413796]
[0.6457468]
[0.6293647]
[0.6156503]
[0.6048711]
[0.5975418]
[0.5927459]
[0.589982]
[0.588712]
[0.58822066]
[0.5882708]
[0.5888385]
[0.5895318]
[0.5901525]
[0.5904399]
[0.58975685]
[0.58780444]
[0.58360827]
[0.5767698]
[0.5663811]
[0.5533488]
[0.53762025]
[0.51920414]
[0.4985221]
[0.47689644]
[0.4551205]
[0.43511182]
[0.41660705]
[0.4003706]
[0.38673234]
[0.3755619]
[0.36700633]
[0.3602465]
[0.35425654]
[0.34832773]
[0.34174657]
[0.3333735]
[0.32353765]
[0.3120718]
[0.298955]
[0.2843328]
[0.2693894]
[0.25484833]
[0.24118349]
[0.22936296]
[0.2192566]
[0.21064274]
[0.20310064]
[0.19681615]
[0.19147429]
[0.18713781]
[0.18431364]
[0.18371134]
[0.18634766]
[0.19246252]
[0.20169857]
[0.21248302]
[0.22333817]
[0.23359266]
[0.24248078]
[0.249662]
[0.25455803]
[0.259094]
[0.26332587]
[0.26698714]
[0.2691473]
[0.26948637]
[0.26787287]
[0.26367792]
[0.2576298]
[0.24961236]
[0.23948276]
[0.22734904]
[0.21291628]
[0.19617063]
[0.17784771]
[0.15823054]
[0.14005333]
[0.12485076]
[0.11361424]
[0.10565066]
[0.10075942]
[0.09835226]
[0.09765898]
[0.0989815]
[0.10202964]
[0.10694609]
[0.11282959]
[0.1187706]
[0.12395056]
[0.12810779]
[0.13054015]
[0.13126373]
[0.13093159]
[0.12989871]
[0.1288547]
[0.12792599]
[0.12695095]
[0.12643155]
[0.12668237]
[0.12778085]
[0.1292672]
[0.13088503]
[0.13247918]
[0.13330713]
[0.13311659]
[0.13131969]
[0.12765826]
[0.12209868]
[0.11511473]
[0.10857183]
[0.10324049]
[0.09992889]
[0.0994029]
[0.1026412]
[0.10992984]
[0.12121449]
[0.13532913]
[0.15161285]
[0.16808714]
[0.18354034]
[0.19710022]
[0.20854798]
[0.2179729]
[0.22527269]
[0.2308877]
[0.23471105]
[0.23649903]
[0.23761277]
[0.23897013]
[0.24121888]
[0.24450752]
[0.24966712]
[0.2571556]
[0.2667439]
[0.27878454]
[0.2929268]
[0.30890235]
[0.3252487]
[0.3412389]
[0.3559038]
[0.36902994]
[0.37961948]
[0.3872865]
[0.39280024]
[0.39682207]
[0.40091857]
[0.40738726]
[0.41659817]
[0.42954063]
[0.44614258]
[0.465839]
[0.48730606]
[0.50961727]
[0.5319878]
[0.5535273]
[0.57365376]
[0.59210414]
[0.6090132]
[0.62313646]
[0.63429844]
[0.64269245]
[0.6485356]
[0.6521057]
[0.65359694]
[0.6532686]
[0.6513022]
[0.64805895]
[0.6438309]
[0.6386927]
[0.63306296]
[0.62755424]
[0.6226108]
[0.6188542]
[0.6173674]
[0.6184546]
[0.62239426]
[0.6292217]
[0.63877636]
[0.6512146]
[0.6660887]
[0.681562]
[0.6959285]
[0.7076819]
[0.7162656]
[0.72167385]
[0.72475225]
[0.7266835]
[0.72915584]
[0.73418534]
[0.74304056]
[0.75616705]
[0.7735316]
[0.79437613]
[0.8167182]
[0.84133035]
[0.86465603]
[0.88395095]
[0.89722335]
[0.90465224]
[0.90816575]
[0.9095374]
[0.9095141]
[0.90852606]
[0.9064377]
[0.903147]
[0.8987398]
[0.8935384]
[0.8877964]
[0.8821114]
[0.8770702]
[0.87245035]
[0.8682724]
[0.8649566]
